-1559.342165	-657.802165	400.943551	-547277.272721
-1967.656855	-1024.163424	457.194009	-1156935.671435
-2182.524964	-1255.736821	325.182337	-1948598.632406
-2402.301253	-1408.224394	92.660223	-2832259.323470
-2593.583994	-1517.317092	-81.167894	-3429183.541299
-2879.430109	-1583.343369	-262.027615	-3950288.154953
-2911.391870	-1626.742839	-529.768250	-4546380.641164
-3037.937806	-1586.593637	-672.393190	-4722527.278156
-3187.471082	-1564.040361	-830.780185	-4979860.961737
-3450.406724	-1539.371361	-987.318920	-5223051.945852
-3381.791771	-1451.416963	-1084.893584	-5231109.932693
-3750.575809	-1480.507495	-1220.901634	-5501979.762294
-3780.281897	-1392.337176	-1327.071831	-5448514.761167
-3648.217523	-1246.058905	-1435.648686	-5432057.451043
-3647.432070	-1128.879648	-1487.011511	-5287834.285538
-3865.443794	-1066.098360	-1552.765359	-5393368.643489
-3770.185608	-961.386299	-1617.719716	-5248235.736803
-3973.850752	-915.584433	-1687.204560	-5365352.718011
-4066.403526	-842.726773	-1729.957612	-5335701.698222
-4251.058791	-775.823424	-1804.001585	-5364762.168994
-4233.225344	-705.399743	-1785.043726	-5118842.426174
-4463.430747	-686.539430	-1873.852606	-5292715.199455
-4466.590287	-633.420884	-1888.892791	-5145672.923254
-4542.593277	-542.096732	-1910.367644	-5072716.474344
-4553.441479	-463.278035	-1892.345023	-4912543.496666
-4532.631338	-393.638220	-1935.623431	-4862273.394828
-4635.764868	-355.094472	-1968.159389	-4807999.957560
-4810.780107	-294.128480	-1978.580460	-4658543.970938
-4753.183126	-214.430182	-1989.159709	-4489719.102797
-4766.418242	-145.436735	-1985.615481	-4357834.823062
-4942.907702	-78.117631	-2008.334792	-4267256.452592
-4906.254476	-3.678998	-2017.597251	-4162466.670305
-5031.854759	79.756434	-2042.838609	-4032810.590485
-4913.525705	146.167744	-1995.821984	-3853543.630166
-4933.246301	217.725702	-1998.515234	-3725842.728267
-5025.983998	258.362357	-1999.580017	-3606500.402265
-5166.105652	299.799347	-1990.422401	-3508941.227830
-5079.111190	301.289552	-1960.533250	-3487083.723701
-5155.596612	296.054009	-1982.606601	-3474086.233240
-5253.555424	373.561736	-2027.577025	-3334331.424798
-5223.913498	409.279235	-1997.801288	-3235748.680655
-5065.965150	509.498717	-1951.419873	-2899763.894074
-5379.629195	471.336131	-1933.026691	-2894631.827894
-5291.907717	541.125992	-1935.472723	-2728003.038882
-5366.363375	563.930208	-1922.344566	-2692427.836309
-5393.835569	551.602959	-1888.677445	-2691267.529960
-5331.502420	623.981593	-1862.458664	-2375169.192338
-5406.406927	630.987021	-1867.567280	-2313251.595636
-5458.731918	663.263886	-1833.561280	-2224158.834563
-5652.165206	695.256755	-1841.803914	-2231894.543852
-5651.850237	768.418169	-1815.933087	-2063121.115715
-5720.469130	828.832563	-1847.124524	-2003678.631655
-5611.443956	876.094670	-1814.193339	-1943786.716901
-5637.865454	889.976692	-1776.873331	-1866822.344928
-5589.821743	924.194034	-1723.850149	-1643003.621328
-5648.820732	985.340460	-1695.964015	-1562960.519067
-5733.092322	993.204545	-1671.064244	-1442358.441642
-5582.004343	965.552536	-1604.295852	-1324438.482593
-5692.248829	998.240990	-1568.693541	-1249462.629730
-5782.894220	983.098622	-1619.758074	-1433892.028410
-5743.672207	972.489483	-1578.679925	-1376006.390850
-5783.988120	933.602980	-1604.224103	-1558301.631666
-5653.226274	915.860591	-1598.735375	-1516733.155514
-5511.577074	894.957674	-1562.682732	-1579063.873892
-5646.765878	917.267459	-1594.513393	-1552905.731983
-5603.357219	915.808188	-1585.225367	-1471740.510825
-5417.363784	950.471463	-1531.416221	-1296731.110002
-5518.652878	902.400622	-1541.577729	-1509394.555796
-5595.491099	892.862149	-1549.569305	-1538439.777891
-5584.890657	913.120493	-1498.567886	-1442009.192585
-5586.689525	958.696170	-1501.639726	-1340442.742072
-5559.564963	965.592028	-1493.415748	-1325674.163708
-5441.365023	994.212468	-1410.520031	-990274.860652
-5519.023256	975.989806	-1413.617539	-980919.661791
-5547.659628	986.785087	-1361.850488	-910070.681737
-5533.828524	952.478201	-1374.424635	-1075301.683235
-5510.838849	972.323547	-1386.045664	-1105133.332395
-5622.012944	893.362182	-1360.211932	-1131613.775657
-5549.122499	942.910840	-1389.624428	-1085055.176948
-5570.692320	919.046849	-1397.456135	-1146729.733668
-5568.127817	883.364424	-1468.701138	-1421318.575494
-5473.892986	843.019393	-1441.582196	-1420013.616461
-5388.902810	833.796838	-1397.917514	-1309050.629830
-5418.422275	825.762240	-1380.504211	-1186605.319125
-5393.664695	770.372350	-1409.101645	-1368936.345499
-5313.390949	757.732691	-1434.571899	-1423218.934303
-5298.549023	717.025507	-1424.285612	-1494310.198351
-5434.868187	658.675703	-1449.742499	-1570606.155889
-5277.991413	668.450721	-1470.634605	-1638993.368595
-5307.630307	657.210864	-1467.099455	-1712529.895551
-5224.627262	640.237727	-1452.624995	-1652773.495500
-5394.029692	652.112979	-1469.018497	-1680046.213192
-5465.670363	624.375070	-1479.136140	-1827499.876549
-5314.363947	685.273646	-1507.494406	-1739382.484326
-5352.033016	675.244503	-1481.085822	-1729944.970314
-5160.078836	707.561567	-1532.435828	-1853568.389249
-5240.030202	675.334005	-1537.491025	-2005088.466711
-5232.462578	626.630366	-1538.080527	-2157736.253269
-5245.907503	653.559631	-1560.851736	-2098593.231497
-5422.745835	637.806020	-1605.531633	-2291529.293022
-5332.328578	650.935893	-1570.755179	-2093130.946923
-5256.088558	612.026119	-1560.900793	-2229014.877433
-5274.180847	585.490184	-1591.867482	-2393053.678641
-5270.076851	542.360234	-1618.228748	-2572181.869749
-5274.093514	517.124101	-1629.046410	-2719522.808660
-5147.371094	483.597769	-1596.683929	-2744071.617937
-5231.254079	489.027376	-1596.729375	-2659126.714646
-5184.087772	457.862893	-1636.964736	-2865829.195093
-5131.997562	474.141199	-1641.124963	-2868518.629672
-5013.254381	475.387641	-1612.261573	-2792948.047383
-5111.261445	475.167824	-1612.365380	-2874996.497876
-5024.541632	418.117305	-1558.143711	-2912162.147063
-5008.989376	416.701804	-1554.530268	-2947067.210239
-5022.267792	410.362924	-1596.752270	-3081546.788696
-5137.391210	390.823431	-1550.526221	-3051490.149824
-5165.181653	383.888615	-1573.126555	-3116269.542361
-5033.284337	387.063156	-1633.228618	-3215335.332354
-5214.229826	391.448849	-1672.099300	-3273297.145387
-5242.232339	437.028430	-1705.387221	-3194167.040742
-5249.017795	492.757899	-1693.830169	-2985516.681089
-5137.391291	452.214031	-1675.704020	-3050630.644403
-5163.429091	457.671192	-1720.617752	-3017356.515404
-5143.250112	501.973028	-1723.511551	-2979845.315422
-5244.862002	489.552475	-1710.318224	-2917685.021226
-5298.150645	512.651591	-1743.748307	-2907361.666812
-5363.798855	540.436003	-1733.376290	-2863877.826897
-5337.787805	589.322142	-1701.300568	-2762728.483166
-5581.166692	666.941744	-1724.352924	-2683886.065250
-5569.130178	658.170112	-1727.352019	-2714263.715067
-5606.445567	720.727340	-1698.031136	-2479958.227433
-5547.293693	725.665728	-1715.072248	-2518502.142555
-5401.742162	746.461284	-1646.016711	-2275555.395123
-5470.319211	739.275487	-1659.267710	-2343339.208786
-5439.876833	639.981255	-1631.650155	-2421446.222444
-5393.962343	688.146773	-1659.408766	-2343765.507189
-5442.552754	660.635853	-1670.877577	-2478544.763285
-5406.823786	719.085922	-1624.030811	-2244397.366054
-5357.256145	715.431507	-1648.930768	-2312897.739162
-5409.867715	718.545366	-1644.962671	-2419634.391061
-5343.800109	737.956538	-1618.079745	-2300521.394930
-5428.762711	706.775908	-1647.168008	-2315577.529570
-5312.367798	729.379327	-1625.373891	-2209290.282785
-5231.099115	734.354089	-1643.670265	-2245897.046269
-5326.409656	676.804489	-1613.652270	-2252125.556537
-5364.941224	678.592869	-1644.657050	-2320740.067638
-5336.620980	640.327464	-1653.157339	-2447261.860413
-5395.809448	654.907818	-1681.774721	-2399260.814171
-5346.224566	670.206126	-1693.569945	-2398202.139071
-5445.248030	721.831812	-1681.210948	-2289558.082893
-5299.111944	715.147464	-1635.067891	-2164461.695183
-5307.827792	685.170860	-1644.623223	-2190617.797309
-5412.850866	667.445999	-1696.342007	-2337279.229133
-5424.463020	710.233698	-1654.145035	-2081384.961372
-5391.814630	724.288510	-1667.769478	-2007886.869421
-5379.277955	708.287703	-1662.289372	-1992223.280524
-5393.419858	707.856600	-1656.973261	-1958547.621811
-5372.884015	699.064596	-1689.041400	-1943921.885680
-5391.656060	665.309045	-1679.841376	-2044800.990451
-5400.381259	659.689521	-1702.901333	-2155391.848332
-5370.974678	650.184203	-1687.762552	-2160891.220725
-5391.301992	638.141070	-1672.857441	-2190657.791342
-5291.770283	647.658427	-1638.060876	-2046738.402449
-5210.265745	693.221928	-1625.531159	-1878941.304186
-5423.194990	639.751948	-1624.033070	-2070038.640028
-5354.155077	660.159059	-1600.566816	-1931515.657108
-5312.532261	614.546840	-1601.486029	-2131578.017385
-5155.709651	641.952170	-1577.437756	-1906247.415815
-5172.997045	615.645048	-1572.982930	-1930218.632130
-5341.812862	572.374020	-1606.394012	-2105669.853479
-5317.181213	608.818149	-1604.546302	-2036905.842532
-5324.297301	629.795128	-1650.689875	-2050474.127998
-5317.681784	600.853376	-1586.966814	-1971296.783852
-5087.680951	621.175428	-1567.728475	-1826548.368028
-5165.512864	617.625293	-1570.039119	-1783626.520135
-5376.426830	569.524011	-1585.684801	-1905138.857229
-5180.615300	612.134070	-1580.330619	-1783072.920173
-5135.860848	565.004662	-1536.073283	-1897886.301088
-5065.049334	619.501285	-1561.482992	-1780401.679682
-5145.558903	568.177935	-1525.759001	-1805213.575950
-5047.663172	568.431500	-1511.606867	-1827275.296932
-5132.166767	537.464906	-1488.759386	-1715830.213171
-5089.433490	560.423313	-1498.987973	-1712651.031343
-5148.453463	536.825150	-1501.021851	-1690516.960455
-5254.241992	500.692490	-1511.241137	-1764994.494566
-5132.364985	489.769892	-1457.329780	-1666955.809244
-5262.153577	489.878517	-1556.944468	-1822436.460952
-5252.101863	479.536782	-1571.373561	-1856163.985620
-5295.956680	503.988864	-1581.116064	-1822588.351608
-5441.923695	551.862865	-1636.322220	-1737048.670244
-5294.400852	633.923084	-1621.810536	-1565897.544157
-5322.452145	615.422105	-1648.731998	-1625265.034321
-5308.060196	625.161430	-1638.312603	-1586982.229837
-5292.594297	634.785356	-1612.554909	-1559897.294683
-5231.963963	627.024010	-1547.358111	-1420620.774905
-5246.071507	623.887297	-1549.708461	-1355757.725964
-5320.557091	585.902614	-1611.946020	-1570807.440418
-5393.158035	592.905665	-1590.545216	-1488319.600816
-5442.738342	605.148329	-1599.578476	-1393207.683236
-5310.374864	562.941926	-1579.064995	-1331365.016972
-5418.780431	600.585308	-1583.086857	-1235252.534018
-5464.168840	626.898003	-1632.297346	-1252813.127606
-5401.007712	620.225704	-1622.671441	-1267955.119232
-5410.400646	639.835713	-1612.427109	-1219889.508005
-5474.906198	671.836730	-1665.024357	-1283151.089664
-5419.134865	701.056195	-1653.508801	-1251773.172881
-5322.202197	710.683082	-1600.688444	-1138748.437803
-5379.868180	694.771210	-1594.228619	-1271245.735311
-5454.404048	646.257399	-1567.116677	-1269283.499771
-5320.135523	704.074087	-1561.262527	-1150342.966812
-5340.522663	663.175486	-1584.278227	-1355760.071068
-5474.927676	676.528227	-1626.556295	-1400181.491918
-5537.238513	681.739343	-1669.435357	-1396306.472432
-5503.341445	711.546536	-1631.480441	-1340054.510963
-5473.481629	721.555198	-1615.703214	-1362118.174596
-5475.662438	789.019203	-1593.676898	-1098429.719502
-5432.389850	783.053568	-1606.530841	-1196361.838491
-5377.020695	756.597760	-1592.811231	-1272628.558573
-5453.084087	793.728209	-1608.480743	-1258667.538595
-5405.403554	785.437984	-1612.235974	-1295816.280939
-5489.416307	783.035076	-1600.280361	-1244052.786286
-5614.420340	779.778436	-1638.858066	-1395912.362397
-5491.879108	809.026668	-1604.912333	-1288371.777499
-5692.047563	843.008447	-1613.934647	-1272039.893391
-5654.117256	831.160129	-1536.834168	-1120052.698412
-5536.622752	866.753265	-1575.113180	-1146154.157269
-5588.959487	835.640278	-1526.346095	-1152045.072873
-5469.067030	856.133256	-1515.056566	-1207196.892083
-5534.306996	833.784673	-1527.832706	-1329462.288856
-5492.166309	829.606488	-1517.301878	-1353640.085180
-5597.414370	809.123045	-1538.298895	-1445490.645116
-5469.402751	837.214994	-1509.522865	-1321652.022061
-5481.110581	853.619031	-1544.151508	-1434786.405748
-5501.055740	889.194849	-1523.823852	-1397371.042187
-5419.701119	893.887971	-1479.131056	-1200832.385473
-5582.843532	814.094383	-1465.334414	-1391263.780688
-5519.428158	854.516851	-1502.108874	-1361473.522338
-5489.965687	870.366198	-1513.160753	-1297944.219142
-5396.538371	883.612274	-1538.549702	-1340911.237406
-5377.708855	859.607691	-1491.574426	-1371587.000753
-5491.982669	817.309683	-1500.055481	-1458960.508239
-5420.598344	841.084123	-1460.604727	-1331561.145090
-5291.417091	797.744633	-1443.525137	-1397321.115764
-5261.534394	742.056396	-1475.769010	-1534308.370640
-5052.156272	706.655450	-1421.286239	-1492307.809830
-5157.553610	609.898174	-1446.855794	-1804031.440030
-5099.596504	584.276551	-1464.587360	-1811903.472568
-5149.157859	568.308243	-1451.215758	-1916741.715473
-5047.413947	551.742639	-1457.133118	-2029501.249001
-5028.605219	546.850514	-1448.027138	-2061344.150648
-5083.922525	545.715404	-1448.492625	-2052208.583330
-5096.621589	534.864093	-1475.322862	-2162802.374385
-5101.446929	498.266247	-1477.659263	-2273880.933724
-5072.560142	538.983206	-1489.389335	-2196118.267274
-5017.963249	484.265058	-1484.065511	-2299194.283200
-5089.211886	443.567745	-1455.187448	-2315455.178568
-5027.644432	414.870570	-1471.836796	-2418773.620289
-4945.585686	398.330053	-1468.210895	-2506996.669900
-5035.751190	356.588796	-1493.240397	-2646595.407112
-4974.134632	267.946687	-1528.144786	-2896261.291875
-4957.115867	274.033937	-1542.795526	-2916213.773494
-5039.962058	276.527205	-1596.907412	-3066684.062615
-5124.720062	251.995484	-1614.986555	-3161711.727022
-5064.549058	264.528386	-1675.783048	-3159947.637749
-4997.080574	285.620097	-1677.338701	-3131160.140331
-4884.573570	287.389087	-1667.014529	-3066839.869654
-4942.043079	281.402229	-1697.217533	-3121744.376765
-5002.926927	258.098049	-1676.936201	-3189903.063045
-4943.590672	253.294210	-1726.465865	-3200845.715601
-4993.505891	256.755330	-1767.873068	-3184058.693118
-5007.791717	343.299064	-1749.772554	-3033024.822856
-5015.271295	296.878821	-1740.504156	-3078001.741432
-4954.981645	307.530191	-1708.663295	-2989058.873295
-5055.069526	374.858354	-1734.695814	-2825373.227497
-5133.707600	341.147285	-1795.289426	-3168998.468583
-5176.440292	382.523449	-1814.224449	-3078809.905260
-5204.287240	450.981063	-1843.970158	-2943130.809247
-5168.927537	521.714079	-1806.152693	-2683792.648196
-5518.041409	492.440042	-1863.647298	-2809703.349617
-5539.040468	484.069704	-1877.814135	-2788726.873691
-5414.660137	571.231269	-1872.924761	-2571759.484816
-5531.269076	601.999888	-1867.773298	-2479913.125437
-5576.745697	636.028467	-1893.408810	-2468882.763493
-5541.625657	643.200523	-1874.321396	-2470984.530597
-5372.672828	723.223271	-1825.512768	-2151375.480203
-5389.693457	711.789827	-1810.683855	-2088592.305751
-5352.166476	759.989757	-1766.250281	-1939346.179060
-5436.194564	748.877201	-1768.861598	-1926774.020661
-5361.704945	740.377469	-1772.025592	-1967857.502358
-5305.787176	754.066438	-1732.789083	-1809249.078576
-5318.897568	737.040034	-1713.294491	-1833615.437400
-5300.500567	715.169083	-1720.296336	-1852424.567481
-5296.984783	753.490883	-1699.461580	-1746283.107222
-5398.006125	767.113544	-1647.989609	-1655149.911877
-5427.670342	805.059985	-1648.583065	-1574376.755472
-5372.077082	812.674296	-1611.170471	-1501763.228751
-5399.556882	795.611759	-1611.131453	-1541447.164811
-5572.458211	820.170106	-1605.330596	-1458807.238905
-5496.372560	843.985182	-1619.737935	-1380988.302603
-5599.474835	772.491190	-1642.487625	-1680978.039631
-5565.350488	793.750143	-1583.964158	-1468552.920411
-5507.281308	848.044577	-1592.881133	-1407815.251386
-5496.708671	819.990718	-1581.331008	-1407985.486316
-5474.521403	828.081406	-1553.222857	-1318517.945404
-5475.698915	799.944272	-1539.756120	-1303542.157892
-5473.942481	820.996965	-1539.182669	-1311240.236368
-5495.923759	814.191748	-1569.965925	-1398767.017745
-5556.938876	813.894330	-1603.743373	-1529857.448203
-5505.240941	836.061539	-1603.743788	-1487849.997795
-5467.623716	823.734943	-1578.188446	-1418462.266194
-5401.805687	811.594329	-1499.363054	-1367945.346727
-5378.350181	785.136995	-1480.615799	-1501319.248982
-5402.929436	784.260602	-1508.606785	-1506829.205883
-5382.488350	797.720390	-1468.978922	-1360304.547316
-5374.574621	809.128391	-1518.105073	-1362341.792730
-5350.937877	788.531191	-1502.823470	-1430931.730632
-5342.588910	794.055210	-1505.073104	-1328878.711865
-5355.920511	787.819757	-1492.828089	-1445112.025885
-5314.221410	765.831606	-1443.798687	-1350300.532054
-5216.252800	727.492874	-1427.465969	-1288565.978953
-5239.254502	731.907615	-1441.366887	-1308634.576490
-5303.940612	694.066545	-1449.752079	-1470421.771786
-5381.718502	698.138933	-1452.735038	-1294001.658261
-5387.976346	717.642611	-1476.765899	-1286219.576665
-5448.583644	696.602051	-1488.175589	-1485416.566689
-5507.523219	656.056237	-1506.087742	-1448558.948738
-5357.517755	603.014543	-1524.691445	-1718557.191578
-5271.351883	614.493240	-1456.337402	-1535422.660282
-5199.363330	581.263337	-1417.657753	-1539032.504034
-5299.138639	540.294562	-1465.683556	-1609485.608540
-5238.975403	513.871269	-1432.658774	-1649910.424741
-5244.429973	536.228393	-1450.511428	-1619535.186797
-5410.799423	555.794045	-1539.724517	-1737882.497540
-5391.513492	541.790344	-1525.171165	-1698819.684054
-5380.234229	621.886689	-1574.986816	-1639370.675597
-5250.404109	619.971667	-1505.769293	-1538787.933067
-5468.297115	572.684803	-1545.922885	-1693862.100642
-5424.884641	557.453436	-1591.561213	-1831410.485095
-5299.698920	617.910838	-1594.018094	-1748096.351235
-5370.864690	588.999237	-1598.839529	-1759509.077566
-5269.725555	597.039985	-1582.524718	-1790949.084589
-5251.301695	622.370649	-1604.557796	-1818470.597054
-5342.241509	628.631627	-1641.016348	-1882674.088852
-5219.375921	649.339215	-1563.830416	-1698941.306224
-5220.497140	630.238401	-1587.164308	-1858286.365136
-5175.126861	566.080434	-1526.720354	-1845508.286859
-5362.800169	562.315434	-1608.642767	-2017943.085688
-5259.627752	569.362668	-1636.086097	-2006819.281585
-5202.149657	538.874628	-1603.562977	-1951415.151740
-5174.143828	559.127073	-1642.374490	-2035613.889511
-5157.982095	583.235754	-1623.166269	-1909034.819417
-5240.084008	543.076280	-1615.216620	-1974930.797863
-5267.430723	531.456266	-1607.280072	-1981749.345236
-5377.496244	562.156855	-1644.372040	-2028470.942900
-5298.278956	566.621690	-1597.915834	-1978891.831800
-5273.621657	587.685594	-1590.229232	-1863444.894414
-5372.491362	583.212572	-1585.923566	-1920999.670924
-5318.286111	587.001584	-1561.845350	-1919914.741820
-5340.216708	623.786969	-1599.886613	-1950301.657493
-5271.874404	631.444408	-1578.418762	-1880950.927123
-5285.413867	587.434742	-1576.447062	-2032100.640355
-5375.385085	559.744180	-1578.500289	-2106941.810991
-5199.283459	539.962380	-1538.111241	-2101838.825640
-5049.429389	562.155249	-1511.518769	-1988465.786086
-5223.384050	572.617714	-1589.422899	-2094186.896750
-5370.059352	577.374563	-1649.274777	-2301545.995502
-5403.807740	555.306151	-1649.171530	-2312006.256147
-5384.924469	585.011807	-1621.811407	-2198309.857869
-5383.705093	614.899191	-1645.489368	-2216372.242801
-5238.716764	583.254898	-1608.326942	-2250326.163195
-5309.260171	600.930146	-1565.708058	-2258273.360982
-5465.764686	589.050586	-1605.195321	-2367724.308224
-5308.977749	646.007576	-1621.641896	-2213800.086708
-5303.331770	597.886546	-1620.776230	-2324797.847914
-5423.540062	631.210858	-1649.252815	-2383790.573255
-5325.492784	582.018168	-1610.105585	-2403815.940476
-5383.406651	573.707691	-1641.398465	-2505981.867571
-5297.394190	530.837371	-1626.164234	-2507809.758341
-5140.277271	535.432127	-1584.931573	-2492253.729815
-5191.549584	522.315640	-1584.786294	-2563012.911682
-5253.116357	570.858623	-1605.013112	-2463060.257410
-5158.759850	616.703903	-1627.004560	-2472300.321116
-5198.094567	587.049114	-1583.688322	-2381944.134172
-5297.403770	541.379160	-1574.437033	-2478295.802459
-5314.893131	531.243989	-1565.636281	-2476834.592362
-5205.596281	516.989228	-1580.485040	-2521947.383573
-5275.451723	546.102712	-1582.781388	-2508301.245744
-5405.234141	514.014865	-1632.061234	-2554847.217362
-5364.231263	546.414170	-1594.283484	-2351367.118118
-5247.975445	574.207818	-1541.872305	-2144530.783200
-5429.272436	570.399401	-1605.248630	-2291891.591841
-5373.228394	609.365746	-1573.510152	-2173504.160553
-5491.055549	581.500803	-1624.620641	-2305273.478198
-5456.469927	592.428124	-1609.418413	-2298562.514037
-5394.807005	581.595936	-1577.467480	-2260115.167812
-5445.809820	567.494685	-1573.613074	-2371146.497386
-5476.925871	585.147130	-1581.944583	-2301113.670728
-5427.112769	608.974881	-1591.665559	-2218262.547547
-5462.245842	639.477431	-1603.222010	-2197461.402327
-5375.476379	649.343653	-1582.073132	-2056852.634526
-5276.709604	663.871332	-1549.229735	-1995405.203413
-5426.427137	600.376445	-1590.190790	-2210559.252530
-5391.629121	652.349695	-1545.105492	-2019518.345030
-5446.929798	647.462429	-1531.602395	-1989700.940670
-5594.463746	677.785060	-1601.690014	-1954640.628519
-5560.124738	711.145146	-1600.297637	-1956349.977575
-5622.865026	748.575430	-1621.113057	-1915502.458269
-5564.524043	773.163345	-1610.890547	-1804357.270911
-5545.266822	779.569927	-1584.246734	-1606042.713236
-5548.496290	807.806820	-1606.734795	-1598746.676770
-5404.630111	765.574999	-1525.693822	-1427192.156002
-5420.140785	743.755847	-1496.923959	-1400306.469568
-5326.860114	745.434349	-1519.728568	-1380963.054653
-5305.176637	759.121765	-1500.571895	-1295707.051963
-5403.495778	748.305963	-1557.504078	-1478716.196237
-5381.282989	740.828539	-1529.145143	-1394240.321947
-5516.813992	758.163404	-1564.158614	-1444781.296964
-5509.455626	743.530348	-1533.408092	-1397927.711468
-5434.036908	783.334816	-1520.146710	-1223819.629971
-5477.313798	783.113821	-1524.655348	-1229484.059236
-5583.449177	733.142926	-1562.633092	-1405837.060403
-5385.063151	745.904267	-1536.189359	-1311750.322380
-5444.991755	757.772714	-1556.647095	-1314395.426341
-5567.765240	756.102846	-1618.569614	-1460762.565538
-5429.500675	757.815150	-1546.989319	-1313423.323902
-5363.288613	766.949545	-1516.012401	-1247886.323386
-5274.250343	729.404426	-1433.274042	-1205340.891506
-5279.960625	690.491475	-1465.516148	-1425833.111994
-5213.990856	691.793726	-1417.993869	-1254867.684563
-5127.271558	645.143265	-1394.487668	-1281602.144954
-5168.861450	580.835650	-1331.578264	-1249820.726961
-5117.354128	558.536707	-1354.683414	-1356786.382218
-5080.068616	511.173883	-1352.680378	-1426146.353112
-5042.496832	424.419556	-1353.404738	-1584159.413296
-4961.282878	386.810755	-1371.585750	-1719162.626478
-5023.549467	411.940159	-1433.704153	-1851366.731250
-5021.267231	382.765929	-1412.646083	-1877401.212680
-5124.671963	369.905786	-1523.273763	-2100614.812296
-5082.103925	355.334927	-1490.157073	-2176676.026401
-5054.113624	389.338977	-1516.636702	-2149968.477539
-5053.359267	377.032656	-1509.343386	-2161109.384398
-4927.435559	394.321745	-1495.107803	-2131577.870243
-5080.195379	326.242116	-1557.856875	-2393582.221143
-5153.477247	383.745318	-1609.982946	-2345052.138297
-5317.934070	428.029337	-1674.466575	-2375260.897028
-5208.829359	454.931018	-1676.844706	-2356155.803934
-5318.846188	449.185632	-1706.812669	-2444365.369142
-5173.570910	539.883225	-1675.104111	-2117584.563532
-5245.465373	512.518920	-1659.958372	-2185375.835029
-5205.788877	572.759931	-1671.585601	-1993027.393705
-5159.501550	584.423970	-1654.917164	-2013187.590596
-5194.649964	541.917144	-1681.635295	-2193939.393826
-5238.089454	547.104095	-1663.061470	-2108367.532722
-5147.854525	566.250202	-1652.014002	-2079041.687307
-5190.054892	569.937463	-1638.649352	-2132093.510967
-5193.680351	507.764502	-1646.023605	-2209288.813301
-5294.229886	507.326690	-1650.838859	-2299507.847491
-5250.668653	476.928903	-1666.289357	-2437295.362956
-5224.738169	531.290160	-1626.096794	-2212995.479890
-5235.549394	521.647911	-1658.296770	-2212353.550132
-5101.730038	548.946477	-1638.649729	-2134731.013685
-5131.933998	565.468194	-1649.198458	-2080757.496668
-5235.759346	580.486915	-1625.295987	-2136091.843518
-5226.372150	582.845650	-1641.818797	-2127586.043810
-5240.541904	536.966722	-1684.614585	-2330436.633737
-5352.021294	571.912670	-1695.199577	-2318086.958491
-5401.134626	538.970430	-1638.240264	-2264500.390914
-5308.625421	519.723098	-1660.858310	-2303157.511261
-5328.626123	485.880278	-1618.625994	-2260262.307836
-5275.599006	516.248156	-1657.985941	-2286586.916567
-5378.131953	543.982609	-1683.821957	-2323757.245911
-5428.513706	609.648480	-1715.089075	-2270251.269127
-5427.735160	605.708692	-1699.658342	-2238871.031562
-5452.831699	666.675746	-1652.651234	-1949800.802150
-5505.184016	692.280954	-1647.427359	-1896312.722357
-5623.445748	728.525007	-1679.172904	-1912062.783432
-5675.319827	729.609726	-1666.259119	-1861515.641076
-5766.477246	772.213218	-1721.519418	-1947010.478504
-5660.545966	807.109056	-1679.954976	-1761737.432941
-5625.056693	886.184097	-1638.636984	-1545165.998228
-5617.890697	891.407793	-1616.051526	-1476515.048337
-5673.563141	872.065434	-1607.126037	-1532880.912493
-5687.369936	896.934429	-1564.144874	-1335101.622412
-5647.129402	885.376183	-1555.939984	-1345313.045180
-5628.530195	907.295197	-1518.624754	-1327415.950110
-5531.991108	939.353518	-1472.104262	-1061151.375052
-5600.037522	918.104141	-1479.578767	-1081114.809552
-5607.087675	933.875599	-1499.513719	-1083324.009213
-5641.152787	953.175902	-1509.398328	-1067767.022486
-5600.514051	925.215492	-1476.726770	-1048726.758886
-5410.809652	934.170678	-1410.936620	-933073.160973
-5521.639233	908.325588	-1403.478724	-981494.933952
-5575.285040	854.845922	-1469.040197	-1201188.015281
-5484.217173	908.653246	-1415.350892	-1056644.120387
-5509.511191	906.172892	-1413.544300	-1104752.749979
-5579.509068	864.469280	-1449.800210	-1283644.650905
-5601.782101	841.003148	-1452.537518	-1374802.928458
-5565.506854	868.066761	-1455.203440	-1359211.551263
-5362.648677	834.336992	-1453.018392	-1356246.599815
-5374.080501	814.796384	-1434.725823	-1394939.131508
-5455.366553	794.157528	-1461.277543	-1466216.042852
-5415.676804	817.004675	-1403.248051	-1336274.028253
-5250.690271	736.136208	-1394.022188	-1473777.893793
-5167.032064	684.750835	-1361.863032	-1445524.950661
-5210.445613	706.316287	-1386.936699	-1412229.938003
-5271.768381	642.878459	-1382.288807	-1555164.606258
-5078.464811	631.087383	-1360.709304	-1545165.046451
-5161.882220	641.511575	-1386.510115	-1534683.644020
-5103.714671	611.076281	-1413.332990	-1691470.565324
-5118.724029	560.824133	-1404.238847	-1801123.625822
-5113.473448	568.366525	-1415.963132	-1884103.863833
-5188.851768	531.768921	-1442.550950	-1943165.841658
-5052.095891	508.363735	-1458.917980	-1981453.920740
-4904.209258	491.670331	-1445.452347	-1926433.579041
-5091.774963	446.888910	-1495.791302	-2075559.465544
-5014.373728	501.034338	-1467.447663	-1896393.946021
-5062.292588	458.159564	-1489.467115	-2005468.076076
-5059.907497	423.203171	-1593.845958	-2350726.914846
-5144.394499	402.960100	-1578.456464	-2379721.217786
-5101.333225	418.283802	-1585.478267	-2252127.834442
-4946.301450	461.400472	-1574.474641	-2157640.796475
-4904.524149	446.309276	-1547.286153	-2185299.868169
-4763.425277	417.210210	-1536.074984	-2274966.241960
-4902.034025	339.275139	-1527.833977	-2407851.269351
-4799.757513	371.393888	-1519.759644	-2282974.781382
-4914.560712	303.448667	-1536.492915	-2471669.093543
-4937.163467	288.627115	-1547.633672	-2509089.139309
-4971.831357	303.968176	-1586.253170	-2618780.960889
-5083.778560	223.510031	-1603.800012	-2829885.596818
-4927.248083	206.264903	-1625.027112	-2970382.899959
-5016.075384	210.887554	-1631.159124	-2962575.860132
-4857.583328	228.952909	-1600.098450	-2860542.160880
-4935.008594	227.995341	-1642.662332	-2925854.294899
-4889.474158	224.873285	-1670.920438	-2969310.721065
-5055.658022	237.430683	-1706.255023	-2982577.907185
-4973.536735	259.114705	-1708.460370	-2939637.203322
-5028.140733	285.668780	-1722.219874	-2900501.705636
-5005.045981	365.399886	-1775.444516	-2896266.356803
-4957.947388	375.646669	-1759.832903	-2822027.044767
-4971.089579	342.879602	-1741.205211	-2949663.612941
-4948.463137	343.312406	-1743.890529	-2915400.937384
-5110.809471	363.831271	-1804.433815	-2935683.067127
-5115.654435	361.497533	-1823.286028	-2941504.727509
-4993.955498	389.677610	-1752.666234	-2624244.854191
-5167.379454	351.176029	-1799.996709	-2835831.196428
-5209.004143	384.527653	-1848.004893	-3019234.352650
-5229.868903	397.362986	-1847.490082	-3088170.881191
-5192.469472	470.049467	-1854.355998	-2944207.596278
-5237.773878	423.858500	-1804.512094	-2872481.708076
-5042.339671	460.077816	-1765.980398	-2741509.803868
-5169.281366	474.073118	-1750.955640	-2681851.903853
-5148.710712	450.164984	-1749.254089	-2651480.202543
-5090.326353	440.050292	-1744.704910	-2711078.118122
-5182.765051	452.632562	-1763.648199	-2714966.807304
-5132.841922	472.528315	-1751.607165	-2672926.931434
-5159.360791	491.876710	-1738.432740	-2573639.444724
-5272.957985	571.116920	-1779.401572	-2532305.207889
-5261.240935	582.134581	-1763.186236	-2405034.948543
-5274.629358	589.112993	-1747.907524	-2336169.731417
-5313.060652	584.871795	-1747.337137	-2372427.752975
-5347.815876	628.367713	-1737.121888	-2181779.121070
-5342.713126	628.911137	-1724.626223	-2169439.952420
-5480.114717	655.411863	-1721.291568	-2218833.102728
-5461.555648	658.617742	-1741.672501	-2193358.405916
-5379.448112	633.939503	-1744.347596	-2231760.040377
-5340.313709	660.203973	-1754.786485	-2200880.408880
-5413.223810	676.121162	-1706.050041	-1972758.246906
-5461.912655	648.013355	-1679.630156	-2094319.419103
-5438.482418	681.977150	-1657.702425	-1899573.795782
-5514.253932	670.149728	-1678.215839	-1951543.274230
-5487.922825	733.685573	-1697.175938	-1877994.959224
-5558.043200	774.047643	-1689.512326	-1819777.850246
-5689.496123	774.500507	-1703.146083	-1971435.072934
-5554.202620	741.775911	-1678.657515	-1952105.471028
-5533.136163	769.161512	-1622.405791	-1809151.072799
-5529.317493	741.117452	-1646.037956	-1851694.750606
-5415.833822	764.651942	-1593.113742	-1766077.274886
-5374.575810	770.679169	-1595.751698	-1715981.040735
-5359.764704	707.162104	-1557.173110	-1826709.431728
-5343.216813	694.277236	-1536.163121	-1691932.483942
-5320.017525	739.865167	-1484.835884	-1547933.678945
-5393.855947	738.820919	-1554.655183	-1724529.327061
-5661.303263	735.404089	-1555.841037	-1741042.913998
-5462.369662	739.706502	-1543.788225	-1739449.204743
-5309.463408	764.085456	-1495.912813	-1619819.395329
-5372.442464	744.835901	-1531.835739	-1744089.413713
-5391.541213	740.244052	-1568.669670	-1820288.103812
-5433.367764	687.940466	-1551.429508	-2013223.469400
-5492.588185	744.115813	-1575.036172	-1917646.218250
-5449.618658	743.436359	-1558.020335	-1939149.809959
-5489.446780	753.362701	-1535.692432	-1790599.576187
-5450.203964	731.267326	-1541.360740	-1811401.500303
-5538.693736	691.182980	-1509.039613	-1931614.647446
-5435.984263	686.700912	-1518.694762	-1942542.819179
-5338.680298	647.376850	-1525.530407	-2079695.417766
-5361.071064	623.643249	-1479.978836	-2108092.037199
-5306.325068	629.690068	-1491.561392	-2108221.087222
-5181.668724	604.016622	-1473.061928	-2190581.797577
-5229.654392	581.639900	-1459.202902	-2197720.069469
-5211.908824	556.274285	-1492.012377	-2307134.343038
-5160.174448	557.826456	-1546.322217	-2443323.720811
-5368.460332	556.079007	-1586.220033	-2566874.119451
-5362.047878	551.676776	-1603.180424	-2614792.403966
-5276.714833	582.171070	-1613.695976	-2506455.272086
-5264.891778	606.883027	-1619.181993	-2458510.833873
-5289.192406	590.240047	-1650.918485	-2573271.599247
-5265.370410	575.992952	-1627.568288	-2574149.135760
-5242.447074	583.498693	-1610.904463	-2520976.862251
-5296.533458	580.079736	-1599.457558	-2475194.886306
-5209.829640	592.295016	-1618.956698	-2410604.982423
-5121.062960	622.570213	-1596.136092	-2281556.746853
-5173.499035	552.827084	-1621.951659	-2451806.518877
-5042.471850	554.339717	-1569.992572	-2342726.796646
-5192.134520	538.032876	-1608.125999	-2395281.626444
-5177.184730	523.976674	-1634.100877	-2468321.794907
-5037.727157	606.958488	-1596.309658	-2211281.083726
-5017.638694	592.579435	-1601.316994	-2182962.167074
-5120.174832	577.566335	-1612.583761	-2166530.668371
-5211.866862	546.833020	-1616.790289	-2139610.986111
-5019.044343	562.749166	-1600.113846	-2114005.968350
-5246.108129	558.155241	-1569.293825	-2132218.031664
-5230.998192	588.622756	-1573.638757	-2170075.548522
-5306.090520	564.454190	-1605.024475	-2300155.466806
-5179.281664	556.535652	-1560.502956	-2141264.946133
-5163.714441	537.310349	-1562.975986	-2200067.732482
-5143.082190	489.070159	-1523.073040	-2189642.716561
-5171.263228	461.044653	-1604.254074	-2335182.178220
-5102.312586	491.096534	-1596.696311	-2255355.656304
-5141.960980	462.908976	-1555.804386	-2283795.737549
-5192.399943	455.545110	-1603.108961	-2409039.903179
-5236.773964	489.182554	-1619.195706	-2427827.197772
-5149.748401	482.313720	-1591.553687	-2378523.391454
-5063.804760	500.541883	-1612.308793	-2337224.078699
-5152.006173	488.609564	-1641.872756	-2474761.380634
-5317.581706	526.175062	-1640.780331	-2395286.608974
-5338.207373	570.937013	-1644.273123	-2314377.735525
-5267.631982	566.922275	-1582.262875	-2087804.819208
-5235.660190	589.646714	-1561.780845	-2038227.078660
-5290.859746	587.198980	-1579.671237	-2122346.831531
-5228.467010	593.974486	-1562.498137	-1977641.260171
-5164.294578	566.404527	-1506.121590	-1962277.262720
-5082.105776	559.197748	-1499.403292	-1943458.578005
-5007.208910	593.845869	-1519.467931	-1869136.758903
-5157.613778	558.326022	-1545.217103	-1961548.726250
-5273.162979	505.308133	-1519.624049	-1995719.089448
-5120.752987	496.028606	-1515.891625	-1980313.073822
-5183.877255	516.696735	-1511.043533	-1939349.928301
-5122.069562	455.816895	-1519.367503	-2135290.286171
-5136.536659	443.121842	-1526.399057	-2161563.136455
-5189.375508	448.676373	-1548.609725	-2212320.052242
-5178.685640	468.442615	-1545.548803	-2124132.263304
-5168.270986	488.774320	-1575.646477	-2145761.676308
-5152.768915	444.814490	-1587.898989	-2271781.143377
-5044.275241	461.435817	-1569.176966	-2140018.059631
-4928.673605	474.081615	-1584.284479	-2108908.708334
-5099.523563	499.725348	-1612.984970	-2101485.704222
-4988.378463	478.897114	-1602.502384	-2113505.668798
-5081.272504	445.494870	-1613.288066	-2180531.787874
-5266.232027	392.913663	-1667.381450	-2468138.656795
-5253.095778	405.727645	-1697.070536	-2425183.466911
-5017.384858	435.586783	-1671.669210	-2282775.620223
-5182.745716	435.865529	-1688.512264	-2254984.544972
-5109.306063	411.423141	-1662.080702	-2169290.851764
-5158.043914	410.759699	-1671.450958	-2241255.037053
-5054.384361	370.393314	-1652.098564	-2229660.132185
-5089.755609	402.954879	-1647.763261	-2197562.062094
-5029.859505	394.709971	-1648.176248	-2127869.754585
-5218.288557	411.990189	-1698.041655	-2127906.634336
-5193.398047	409.607041	-1672.748839	-2044554.493215
-5202.525322	450.896878	-1670.902783	-1954688.469789
-5187.237690	466.344092	-1630.259503	-1939261.644061
-5218.690976	469.008510	-1649.137808	-1942253.495356
-5284.839117	505.754028	-1691.614383	-1962190.325994
-5278.384926	501.310967	-1723.949940	-2041035.047464
-5366.242174	553.786767	-1738.989889	-2029229.236025
-5356.267239	532.222033	-1767.800146	-2173714.167910
-5296.566366	563.503941	-1737.350857	-2072078.934030
-5316.825822	573.219426	-1752.408384	-2022203.632861
-5274.257626	602.939756	-1682.039935	-1810515.947066
-5249.249188	625.928231	-1687.109268	-1812759.733464
-5381.190131	640.130086	-1700.124825	-1798074.728854
-5302.702221	617.970369	-1640.425899	-1876204.695511
-5295.479510	608.125528	-1612.754627	-1845578.197722
-5213.771775	561.512750	-1602.315191	-1938923.127055
-5208.601118	587.478622	-1632.181705	-2021799.466655
-5193.239720	552.507898	-1591.254818	-2043346.585580
-5161.525369	545.580347	-1584.216489	-2040684.991019
-5214.509121	533.034323	-1578.081229	-2077322.576675
-5276.672743	536.719438	-1584.291694	-2191447.531786
-5153.987804	568.775229	-1611.138919	-2267042.929188
-5169.060047	559.487929	-1620.417894	-2221224.136150
-5152.923174	586.786777	-1608.329613	-2253466.590627
-5112.510902	537.191637	-1600.431269	-2441682.130775
-5295.754496	544.243355	-1653.550263	-2571956.641873
-5302.244074	585.312739	-1675.674036	-2568932.557231
-5290.968682	585.716866	-1677.990652	-2653756.985957
-5291.540769	602.130825	-1681.285210	-2625480.466940
-5264.331488	593.121837	-1717.994001	-2734137.872147
-5315.311353	631.087786	-1664.088504	-2540250.491512
-5382.829809	624.074864	-1669.231565	-2660582.434020
-5451.231990	644.083779	-1676.693173	-2667594.691185
-5199.411895	680.051911	-1571.071079	-2361195.417258
-5304.552091	617.849243	-1592.217243	-2528454.103065
-5198.119700	622.004158	-1618.769876	-2540895.731721
-5245.736779	607.506577	-1586.753424	-2565571.770893
-5261.499275	635.933091	-1591.383317	-2460747.341526
-5400.815686	571.078592	-1611.201618	-2663812.630522
-5401.143661	601.198289	-1653.608289	-2710057.064434
-5304.890701	597.680330	-1658.426360	-2803373.495961
-5378.311505	583.040724	-1629.756545	-2732737.180330
-5359.641065	578.207615	-1605.356639	-2624082.219905
-5285.052291	547.643832	-1584.839341	-2656970.202797
-5264.456197	592.065642	-1612.831286	-2657129.979901
-5466.611467	608.131299	-1639.447979	-2709425.650803
-5463.151886	641.425284	-1631.126684	-2601174.824238
-5618.671654	662.010448	-1676.145871	-2644674.400168
-5577.471652	685.672334	-1669.848869	-2549901.198228
-5449.752060	716.648407	-1616.323971	-2412316.823287
-5464.936358	691.038798	-1576.204892	-2391222.297337
-5622.346920	703.133007	-1582.385681	-2308032.968246
-5664.718615	738.439363	-1560.317705	-2166878.783637
-5577.756072	768.858975	-1545.464022	-2106424.777962
-5635.466936	731.139450	-1577.924251	-2308927.114632
-5591.030426	736.996386	-1541.678874	-2249635.970470
-5597.463489	734.817473	-1513.574389	-2173954.817038
-5598.320402	741.456449	-1473.298199	-1944247.387566
-5646.189635	781.724750	-1432.254708	-1758646.903571
-5604.585711	822.033451	-1425.952417	-1602212.542649
-5652.515069	823.548593	-1398.850548	-1475667.913743
-5457.294505	840.059980	-1395.036939	-1391671.258686
-5567.252204	838.409926	-1412.379877	-1456397.564602
-5491.053591	832.139130	-1400.313327	-1443123.832028
-5508.393346	820.488425	-1441.641717	-1502374.698417
-5561.010272	805.886043	-1412.844982	-1357251.794455
-5568.043671	761.963739	-1397.083327	-1442513.884243
-5554.098296	760.924259	-1414.632132	-1469890.815760
-5535.209747	803.001828	-1418.538517	-1373280.559157
-5466.842065	778.425236	-1432.545569	-1431738.108507
-5481.306226	783.806312	-1435.426310	-1349933.058024
-5555.603999	764.000618	-1440.156686	-1388760.637774
-5526.647417	754.502422	-1409.902186	-1338465.210589
-5489.860843	797.103467	-1452.602968	-1268337.255785
-5436.846352	766.924553	-1420.420151	-1299227.281572
-5389.003223	778.807009	-1448.218043	-1361105.166707
-5356.989944	777.196212	-1403.040634	-1267818.912410
-5397.787486	760.148997	-1413.601675	-1268828.773751
-5428.866307	718.051008	-1442.999915	-1446038.267367
-5298.120512	717.612806	-1416.190521	-1340506.462628
-5261.780355	675.512034	-1417.353653	-1485259.505402
-5351.497067	619.254402	-1392.789827	-1594295.904986
-5226.180175	623.471536	-1392.251480	-1590176.911863
-5280.704403	584.516677	-1405.528144	-1654233.107672
-5271.335705	625.343721	-1407.633401	-1614888.278249
-5150.662279	602.437866	-1410.859630	-1691423.296976
-5160.968916	531.287290	-1390.771953	-1749918.846379
-5111.745593	505.435911	-1403.390022	-1751657.340713
-5148.556784	402.429965	-1400.696171	-1952747.325291
-5061.108181	372.827653	-1412.449400	-2076683.422852
-4991.670129	301.325764	-1455.454747	-2319364.095205
-4926.831743	304.637195	-1462.136842	-2255407.669096
-4934.577263	272.709108	-1494.921089	-2308182.037623
-4868.775632	298.323283	-1469.814988	-2254193.008716
-4922.187494	270.432619	-1475.012739	-2294039.410347
-5014.719726	260.384921	-1524.085059	-2394007.016964
-5061.815365	201.746921	-1532.482940	-2426788.071393
-4794.969062	171.406334	-1555.229761	-2566732.393277
-4753.476202	162.464945	-1511.788221	-2521058.912044
-4827.245702	105.597819	-1564.448928	-2672694.128937
-4949.318690	79.272444	-1573.515096	-2746097.822069
-4842.854111	74.406048	-1575.538071	-2663265.549595
-4909.741631	84.030503	-1635.298812	-2845756.884898
-4955.335960	104.749306	-1671.975544	-2866828.470122
-4886.253871	73.882369	-1705.594194	-3039280.180353
-5007.654465	91.256195	-1712.453251	-2947572.704920
-4949.764559	170.745254	-1791.252769	-2908719.713329
-5005.347016	181.807835	-1780.018691	-2965230.649227
-5152.266008	166.145758	-1851.807209	-3210065.832559
-5145.462424	213.683102	-1847.696545	-3104441.750920
-5154.089388	274.152385	-1864.897433	-3030463.608468
-5088.929937	343.773544	-1900.806887	-2945591.883752
-5189.076914	317.118561	-1879.580261	-2982391.616343
-5170.790991	330.706275	-1870.088389	-3084882.630282
-5175.886942	367.752480	-1828.253119	-2961449.171170
-5190.286378	410.721362	-1829.939087	-2841971.384525
-5308.881089	448.022603	-1876.678018	-2983434.043515
-5356.427589	457.907652	-1844.611771	-2916338.477681
-5201.668712	477.893391	-1803.793981	-2876238.603482
-5231.365417	521.738638	-1827.662074	-2925373.144801
-5458.830357	571.032715	-1810.706857	-2870181.200445
-5447.348944	585.688254	-1777.638173	-2753918.810784
-5385.905841	621.483179	-1757.016959	-2583149.817035
-5407.910426	650.298782	-1747.138645	-2435765.579929
-5305.833517	693.198126	-1712.211763	-2288063.037523
-5386.185485	666.152117	-1711.776988	-2338198.656369
-5394.529938	667.219673	-1701.378125	-2402172.507919
-5338.701080	677.097928	-1729.617113	-2424067.907175
-5233.283135	724.037263	-1683.373894	-2297709.804724
-5375.834038	703.496182	-1691.551909	-2413031.281769
-5376.822477	720.297066	-1700.960987	-2380706.285126
-5414.530880	726.601178	-1678.497487	-2367288.834512
-5414.651519	766.508389	-1675.871124	-2274311.659234
-5393.134677	754.151775	-1644.579021	-2225213.404031
-5272.291843	694.966348	-1621.148290	-2262142.457502
-5510.434927	679.402942	-1630.749685	-2222653.759553
-5358.516906	746.434389	-1577.599936	-2105326.252761
-5451.616149	723.127326	-1565.535115	-2134691.870010
-5439.125151	680.170325	-1506.403741	-2056677.201257
-5471.269541	697.129274	-1559.886693	-2157880.673200
-5456.434973	727.303044	-1538.960961	-2164554.012059
-5529.995255	753.013123	-1535.861971	-2097680.067245
-5449.318209	750.913212	-1572.740835	-2142467.151584
-5355.363815	717.093474	-1564.085998	-2206896.135111
-5509.431904	714.520522	-1581.179782	-2302864.488812
-5511.359430	725.808031	-1610.755886	-2320123.015412
-5434.555025	736.706672	-1584.108038	-2218699.222492
-5563.131258	729.119659	-1563.262728	-2313536.203367
-5416.202445	777.342299	-1536.892802	-2156661.658061
-5417.589723	737.178944	-1514.983052	-2215030.355702
-5607.580639	699.309362	-1538.603204	-2399403.409497
-5637.961058	733.351113	-1533.678857	-2197473.382649
-5498.930968	728.983056	-1502.007627	-2104253.900430
-5476.792384	776.680508	-1544.847465	-2111766.022014
-5481.190683	789.711964	-1542.544723	-2023378.286873
-5444.946252	809.790323	-1467.388050	-1873615.236496
-5482.321146	800.424306	-1473.957438	-1921669.826207
-5471.815639	802.412495	-1445.569882	-1840158.612840
-5474.562874	776.559455	-1442.477563	-1797665.459789
-5488.437240	758.334735	-1461.809162	-1785541.783353
-5266.744129	739.312355	-1452.949860	-1787250.784028
-5236.484890	713.444825	-1446.130104	-1826719.014676
-5190.271721	708.331675	-1424.403042	-1805184.783504
-5246.382396	714.628455	-1427.294561	-1781650.012371
-5300.042289	716.894247	-1433.513224	-1809816.915262
-5289.127003	699.576669	-1487.395876	-1957457.019841
-5415.104524	695.575945	-1539.439868	-2057006.472579
-5371.152191	658.083052	-1495.968826	-2024573.323296
-5573.848768	652.623731	-1540.246004	-2104542.392852
-5457.942809	652.883944	-1526.703044	-2108440.799445
-5509.104035	710.756365	-1535.204932	-1835981.577322
-5472.773152	684.730839	-1548.512296	-1954455.984980
-5451.272865	725.401437	-1553.812069	-1881597.499419
-5566.469351	731.542577	-1519.238969	-1751911.350672
-5454.739484	754.866560	-1537.257481	-1713331.803175
-5549.727919	723.974781	-1563.801765	-1779795.140258
-5565.175627	735.916001	-1501.362007	-1559004.951031
-5588.770062	725.059982	-1539.402109	-1597343.654983
-5428.579234	751.147198	-1510.533785	-1380129.316002
-5519.616287	729.011448	-1503.245416	-1473645.759311
-5365.598521	683.111566	-1542.954648	-1632373.921210
-5441.608274	710.912811	-1559.210605	-1523377.909188
-5375.902771	682.804414	-1518.521022	-1440517.792703
-5436.940269	704.308194	-1504.603942	-1334974.862054
-5438.539244	674.995564	-1503.616615	-1370664.680604
-5414.355578	729.825616	-1457.978394	-1263099.948705
-5389.164190	746.909568	-1489.811104	-1331840.094029
-5240.997037	745.316643	-1445.066210	-1220256.240824
-5308.265479	764.829135	-1468.284421	-1208174.424987
-5251.447311	732.898161	-1487.028749	-1384236.670306
-5292.500168	757.686062	-1467.659223	-1315148.664224
-5428.730891	724.428098	-1486.838619	-1254296.837969
-5356.281923	742.790279	-1497.530341	-1230642.354906
-5328.740089	707.659678	-1497.409585	-1277272.488180
-5277.276277	695.995495	-1480.540040	-1291470.192846
-5366.670355	639.462123	-1515.939707	-1458297.026566
-5264.463242	653.385342	-1510.414910	-1512086.751703
-5266.033741	600.337429	-1475.825390	-1583763.369682
-5261.984271	603.630117	-1436.742370	-1503265.712708
-5209.450229	620.588497	-1461.510024	-1583757.968882
-5251.555942	630.046200	-1460.696397	-1514870.342260
-5275.986762	634.165267	-1498.379206	-1528672.732801
-5177.249267	611.326177	-1477.918711	-1606276.667226
-5225.174984	559.410877	-1465.022273	-1716535.134660
-5283.656944	547.638684	-1515.336080	-1835513.373273
-5321.479812	561.858157	-1521.512457	-1694877.160708
-5468.613278	562.472510	-1532.952334	-1714207.525681
-5375.585343	595.774465	-1520.497405	-1642381.282389
-5384.379160	612.899025	-1537.834524	-1611030.508973
-5339.256395	586.089738	-1535.543252	-1696550.149591
-5311.982079	609.462994	-1478.354254	-1597545.357754
-5415.050607	631.289289	-1529.367147	-1609924.092919
-5468.881921	620.106690	-1518.861899	-1637528.775922
-5367.445224	626.801802	-1477.203023	-1567410.152394
-5456.612776	675.415027	-1459.545136	-1486144.604866
-5435.628198	645.709979	-1452.187314	-1433120.811014
-5495.831269	677.807640	-1491.788238	-1437718.621785
-5529.393277	612.455552	-1482.348541	-1598523.961516
-5373.602709	635.119344	-1482.051427	-1527892.394831
-5392.615638	634.291162	-1495.204972	-1549271.698803
-5187.957986	710.017119	-1457.309240	-1382483.426395
-5298.247371	679.223661	-1438.748872	-1512311.778486
-5298.892645	690.842675	-1460.948649	-1500066.744282
-5259.793595	667.353075	-1442.530668	-1590431.722766
-5330.476105	607.712697	-1431.085832	-1594607.393872
-5326.114378	597.021324	-1467.954690	-1671809.091398
-5425.151116	606.140268	-1449.526733	-1744073.607361
-5445.989175	573.263207	-1455.205643	-1784792.945489
-5397.949239	511.588851	-1443.797067	-1991773.953110
-5383.979180	528.199713	-1473.094995	-1975055.683108
-5364.572325	508.699217	-1479.645026	-1968364.328222
-5358.031321	478.753895	-1438.547245	-2129836.797012
-5321.162161	577.522866	-1424.278411	-1867837.550336
-5357.820831	566.712812	-1419.563289	-1863477.418433
-5297.588863	548.521630	-1416.710205	-1922182.488956
-5407.021846	547.305806	-1471.183271	-2144359.398898
-5292.388080	616.511726	-1456.271696	-2003694.655379
-5359.691754	551.860918	-1444.588805	-2147787.423950
-5319.600627	565.680521	-1436.536819	-2132550.661035
-5180.431544	559.231684	-1402.428570	-2180491.651868
-5225.304963	532.100631	-1426.260801	-2243195.162749
-5209.682750	449.884963	-1473.130989	-2460725.135109
-5125.606461	427.584658	-1465.867434	-2481536.272477
-5109.755231	408.461191	-1493.992080	-2634008.407952
-4972.014705	398.835509	-1455.206147	-2515124.037090
-5092.575162	417.862464	-1431.859285	-2448951.287637
-5022.801464	351.463587	-1474.905185	-2699383.891603
-5139.275710	324.788488	-1499.681914	-2871433.588070
-4994.268695	362.419015	-1492.727415	-2718236.548397
-5053.047791	378.078213	-1478.472991	-2626907.510802
-5092.958473	354.138202	-1446.216862	-2638381.135797
-5065.830017	335.029783	-1513.782348	-2807240.968080
-5091.780693	257.208306	-1520.988416	-3057469.343000
-4985.754953	268.221575	-1522.609204	-2944139.129503
-4977.282657	286.467523	-1528.995899	-2923930.972852
-4962.731057	257.815767	-1587.210873	-3034154.340049
-4927.867644	271.674956	-1596.808828	-3047934.095656
-4904.142613	216.106603	-1585.155270	-3026396.542781
-5112.872553	214.851542	-1633.859631	-3088496.958292
-5120.122380	208.578112	-1626.804495	-3043896.410175
-4970.140750	250.597946	-1645.858819	-2978600.907338
-5050.510419	245.356042	-1672.021633	-2988435.624213
-4941.721588	275.558294	-1648.679139	-2880305.257268
-4932.190543	303.646393	-1711.878292	-2990911.016953
-4974.256521	347.548255	-1723.740318	-2846629.755418
-5008.223901	400.266314	-1726.517264	-2720502.957398
-5001.947431	384.853497	-1707.219752	-2702217.172750
-4914.088124	369.186401	-1719.812585	-2741045.791536
-4872.347913	374.936580	-1655.295911	-2504076.805677
-5069.304926	375.156089	-1712.631738	-2580312.589346
-5047.290717	382.936540	-1744.204359	-2622343.428431
-5038.076305	400.973547	-1689.589123	-2494124.337264
-5036.549852	445.283373	-1762.314925	-2460894.478004
-5181.443519	446.132148	-1730.307051	-2345499.334193
-5214.398526	440.002613	-1729.099864	-2352052.007944
-5217.687953	487.786966	-1726.367682	-2322436.463918
-5236.920461	495.937767	-1694.434516	-2278407.031341
-5195.487837	497.454902	-1744.578565	-2436848.492269
-5301.857055	486.095176	-1714.014941	-2489194.938624
-5360.600905	514.157407	-1740.954160	-2399164.648370
-5281.924478	567.569303	-1685.523919	-2186773.308175
-5309.957636	590.928705	-1679.207372	-2066390.704562
-5394.947082	584.711459	-1685.690463	-2085654.054384
-5406.387703	602.024433	-1674.711898	-2070182.116137
-5473.562232	584.804115	-1681.145465	-2010815.277699
-5434.139243	588.644763	-1623.734102	-1903791.917861
-5252.957156	644.181698	-1625.108602	-1816214.623390
-5176.185173	696.969487	-1624.341533	-1686780.536214
-5316.288797	664.394834	-1622.037362	-1761707.253826
-5405.615526	653.445853	-1641.303264	-1785315.087020
-5409.399595	660.261354	-1659.256056	-1826554.195202
-5372.192268	712.245693	-1656.845697	-1730145.597216
-5475.310261	683.718070	-1655.396243	-1886897.378305
-5501.077801	700.801189	-1656.037277	-1751560.314164
-5471.259492	768.574358	-1637.412101	-1572507.455440
-5433.175134	801.269701	-1605.306658	-1443550.587345
-5550.482858	805.587377	-1599.786995	-1364703.256077
-5501.606270	777.972222	-1593.668784	-1483834.050268
-5470.406165	777.108410	-1593.145193	-1460874.833934
-5523.973297	782.187589	-1626.244970	-1505691.986646
-5584.934283	791.016646	-1581.111556	-1346072.781487
-5527.495517	825.822937	-1583.181936	-1322784.387539
-5539.564723	825.844199	-1525.595477	-1171729.692064
-5518.710909	822.950487	-1524.591374	-1164154.142632
-5369.903874	831.790982	-1503.209644	-1129779.373854
-5430.116001	838.429187	-1515.927899	-1268952.956133
-5397.964130	817.851276	-1516.133961	-1280754.114806
-5507.849964	802.529059	-1509.711982	-1389222.995582
-5392.721551	816.124028	-1493.119502	-1406683.902097
-5448.641525	808.378988	-1493.764966	-1441401.672102
-5346.703050	788.371894	-1435.835942	-1409063.295062
-5303.380348	782.067004	-1437.028824	-1336960.003333
-5379.181914	713.686477	-1438.210837	-1467692.241565
-5227.683217	739.459558	-1455.702907	-1494250.726250
-5323.202235	725.893136	-1476.824145	-1570418.099980
-5393.322428	720.852851	-1515.019363	-1710500.732584
-5343.499717	733.987964	-1516.074720	-1673078.338497
-5341.973997	753.359540	-1478.056913	-1563799.754744
-5330.044445	724.622564	-1450.722955	-1610764.771082
-5284.548739	661.595920	-1451.286792	-1757851.508657
-5422.510975	692.781536	-1503.756333	-1826905.732947
-5472.158301	680.775678	-1519.700188	-1819808.907917
-5397.781221	679.220726	-1508.166593	-1912663.253165
-5314.179702	673.876235	-1507.509837	-1877678.803141
-5290.084548	654.350238	-1506.650621	-1958316.913205
-5330.546048	633.780317	-1534.233741	-2038599.457334
-5367.459382	604.221354	-1560.924969	-2194317.221577
-5410.912741	638.310462	-1575.673777	-2147728.670169
-5359.432531	687.128661	-1575.087584	-2088846.619165
-5436.155452	686.360076	-1548.143099	-1864325.371021
-5424.303753	649.139610	-1533.793685	-1878223.553213
-5467.851029	635.547890	-1583.711374	-1923999.332038
-5474.386366	690.181213	-1570.870691	-1927264.032344
